07 14 15 21 23 57
07 12 17 35 37 58
05 34 36 38 39 48
13 22 24 34 41 57
24 29 30 36 46 48
12 15 30 43 47 59
04 06 34 37 42 52
04 27 47 54 55 59
08 10 16 19 23 31
03 16 34 42 49 52
14 23 36 45 47 50
10 16 18 32 42 45
01 02 11 23 25 54
05 06 16 32 42 51
39 48 52 53 54 58
06 11 12 19 27 31
03 08 19 26 37 41
06 24 27 38 39 58
06 15 23 29 55 57
11 19 22 42 43 49
24 38 39 40 49 56
02 07 21 22 47 53
18 24 34 38 41 49
01 16 28 31 38 54
11 13 21 37 49 59
17 23 28 38 47 56
15 18 23 42 43 52
07 23 41 44 49 54
06 09 27 30 40 50
06 08 15 31 45 58
05 21 23 34 43 45
04 09 20 23 37 53
04 13 37 40 52 58
08 14 20 27 28 53
14 19 21 36 53 54
21 26 29 35 46 59
08 16 33 36 45 51
10 29 37 42 48 49
10 17 35 41 51 54
05 40 47 48 52 54
16 19 29 46 54 58
10 13 22 35 42 52
02 11 18 32 40 54
03 07 08 09 40 58
11 26 31 32 33 46
16 27 31 32 44 58
03 08 09 19 21 54
10 20 25 39 45 55
01 02 28 40 48 49
02 04 08 25 38 39
05 07 08 16 28 37
07 12 33 47 50 51
