2017.05.14 # 19 # Sunday # 13 39 45 05 12 01 # 01 02 03 04 05 06 08 10 11 12 13 16 17 18 19 22 24 25 27 29 30 31 32 34 35 36 37 38 39 41 42 43 45 46 47 48 49 50 51 52 54 55 58 59
2017.02.13 # 07 # Monday # 51 08 31 36 40 22 # 02 03 04 05 06 07 08 09 10 11 13 14 16 17 19 20 21 22 25 26 27 28 29 30 31 32 33 34 35 36 37 39 40 41 44 45 46 47 48 49 50 51 53 54 58 59
2017.02.13 # 07 # Monday # 28 48 35 44 54 26 # 02 03 04 05 06 07 08 09 10 11 13 14 16 17 19 20 21 22 25 26 27 28 29 30 31 32 33 34 35 36 37 39 40 41 44 45 46 47 48 49 50 51 53 54 58 59
2017.02.13 # 07 # Monday # 40 53 34 26 25 32 # 02 03 04 05 06 07 08 09 10 11 13 14 16 17 19 20 21 22 25 26 27 28 29 30 31 32 33 34 35 36 37 39 40 41 44 45 46 47 48 49 50 51 53 54 58 59
2017.02.13 # 07 # Monday # 34 37 36 03 08 46 # 02 03 04 05 06 07 08 09 10 11 13 14 16 17 19 20 21 22 25 26 27 28 29 30 31 32 33 34 35 36 37 39 40 41 44 45 46 47 48 49 50 51 53 54 58 59
2017.02.13 # 07 # Monday # 41 25 14 39 06 26 # 02 03 04 05 06 07 08 09 10 11 13 14 16 17 19 20 21 22 25 26 27 28 29 30 31 32 33 34 35 36 37 39 40 41 44 45 46 47 48 49 50 51 53 54 58 59
2017.02.11 # 06 # Saturday # 08 45 05 16 48 43 # 02 03 04 05 06 08 09 10 11 13 14 15 16 17 18 19 20 21 22 25 26 27 28 29 30 31 32 33 34 35 36 37 39 40 42 43 45 46 47 48 50 51 52 53 55 58 59
2017.02.11 # 06 # Saturday # 50 27 48 29 18 08 # 02 03 04 05 06 08 09 10 11 13 14 15 16 17 18 19 20 21 22 25 26 27 28 29 30 31 32 33 34 35 36 37 39 40 42 43 45 46 47 48 50 51 52 53 55 58 59
2017.02.11 # 06 # Saturday # 31 27 13 53 10 45 # 02 03 04 05 06 08 09 10 11 13 14 15 16 17 18 19 20 21 22 25 26 27 28 29 30 31 32 33 34 35 36 37 39 40 42 43 45 46 47 48 50 51 52 53 55 58 59
2017.02.11 # 06 # Saturday # 32 33 15 08 02 59 # 02 03 04 05 06 08 09 10 11 13 14 15 16 17 18 19 20 21 22 25 26 27 28 29 30 31 32 33 34 35 36 37 39 40 42 43 45 46 47 48 50 51 52 53 55 58 59
2017.02.11 # 06 # Saturday # 02 48 36 33 08 03 # 02 03 04 05 06 08 09 10 11 13 14 15 16 17 18 19 20 21 22 25 26 27 28 29 30 31 32 33 34 35 36 37 39 40 42 43 45 46 47 48 50 51 52 53 55 58 59
2017.02.11 # 06 # Saturday # 14 26 03 25 34 28 # 02 03 04 05 06 08 09 10 11 13 14 15 16 17 18 19 20 21 22 25 26 27 28 29 30 31 32 33 34 35 36 37 39 40 42 43 45 46 47 48 50 51 52 53 55 58 59
2017.02.07 # 06 # Tuesday # 10 22 08 45 25 36 # 02 03 04 05 07 08 10 11 13 14 15 16 17 18 19 20 21 22 23 25 26 28 29 31 32 33 34 35 36 37 39 41 42 43 44 45 46 47 48 49 51 52 53 54 58 59
2017.02.05 # 05 # Sunday # 41 42 22 52 20 48 # 02 03 04 05 07 08 10 11 13 14 15 16 17 18 19 20 21 22 23 25 26 28 29 31 32 33 34 35 36 37 39 41 42 43 44 45 46 47 48 49 51 52 53 54 58 59
2017.02.04 # 05 # Saturday # 52 17 05 46 37 22 # 01 02 03 04 05 07 09 10 11 13 14 16 17 18 19 20 21 22 23 25 26 27 28 29 32 33 34 35 36 37 39 40 41 42 43 44 46 47 48 49 51 52 53 54 55 59
2017.02.02 # 05 # Thursday # 52 36 55 05 46 29 # 01 02 03 04 05 07 09 10 11 13 14 16 17 18 19 20 21 22 23 25 26 27 28 29 32 33 34 35 36 37 39 40 41 42 43 44 46 47 48 49 51 52 53 54 55 59
2017.01.30 # 05 # Monday # 14 04 47 26 16 22 # 01 02 03 04 07 08 09 10 11 13 14 16 17 18 19 20 22 25 26 27 28 29 31 32 33 35 36 37 38 39 40 41 42 44 46 47 48 49 51 52 53 54 55 58 59
2017.01.30 # 05 # Monday # 04 48 10 36 07 55 # 01 02 03 04 07 08 09 10 11 13 14 16 17 18 19 20 22 25 26 27 28 29 31 32 33 35 36 37 38 39 40 41 42 44 46 47 48 49 51 52 53 54 55 58 59
2017.01.30 # 05 # Monday # 52 03 22 54 26 25 # 01 02 03 04 07 08 09 10 11 13 14 16 17 18 19 20 22 25 26 27 28 29 31 32 33 35 36 37 38 39 40 41 42 44 46 47 48 49 51 52 53 54 55 58 59
2017.01.28 # 04 # Saturday # 41 45 59 33 19 10 # 02 03 05 07 08 10 11 13 14 16 17 18 19 21 22 25 26 27 28 29 31 32 33 35 36 40 41 42 44 45 46 47 48 49 51 52 54 58 59
2017.01.26 # 04 # Thursday # 03 13 35 33 21 19 # 02 03 05 07 08 10 11 13 14 16 17 18 19 21 22 25 26 27 28 29 31 32 33 35 36 40 41 42 44 45 46 47 48 49 51 52 54 58 59
2017.01.25 # 04 # Wednesday # 35 21 36 27 26 44 # 02 03 05 07 08 09 10 11 14 16 17 18 19 20 21 22 25 26 27 28 29 31 32 33 35 36 39 41 42 44 45 46 47 48 49 51 53 54 59
2017.01.25 # 04 # Wednesday # 32 39 49 31 33 46 # 02 03 05 07 08 09 10 11 14 16 17 18 19 20 21 22 25 26 27 28 29 31 32 33 35 36 39 41 42 44 45 46 47 48 49 51 53 54 59
2017.01.21 # 03 # Saturday # 16 45 21 18 02 59 # 02 03 05 07 09 10 11 13 16 17 18 19 21 22 25 26 29 31 32 33 35 36 37 39 40 41 42 44 45 46 47 48 49 51 52 54 55 58 59
2017.01.17 # 03 # Tuesday # 35 49 11 51 42 31 # 02 03 05 07 08 09 10 11 13 16 17 18 20 22 25 26 27 29 31 32 33 35 37 39 40 41 42 44 45 46 47 48 49 51 52 55 58 59
2017.01.17 # 03 # Tuesday # 17 02 10 03 40 48 # 02 03 05 07 08 09 10 11 13 16 17 18 20 22 25 26 27 29 31 32 33 35 37 39 40 41 42 44 45 46 47 48 49 51 52 55 58 59
2017.01.17 # 03 # Tuesday # 37 11 20 03 48 22 # 02 03 05 07 08 09 10 11 13 16 17 18 20 22 25 26 27 29 31 32 33 35 37 39 40 41 42 44 45 46 47 48 49 51 52 55 58 59
2017.01.17 # 03 # Tuesday # 16 49 33 41 25 18 # 02 03 05 07 08 09 10 11 13 16 17 18 20 22 25 26 27 29 31 32 33 35 37 39 40 41 42 44 45 46 47 48 49 51 52 55 58 59
2017.01.17 # 03 # Tuesday # 35 13 26 10 29 02 # 26 29 35 46 59 08 16 33 45 51 10 29 37 42 48 49 10 17 35 41 51 05 40 47 48 52 16 29 46 58 10 13 22 35 42 52 02 11
2017.01.17 # 03 # Tuesday # 02 05 58 47 16 11 # 26 29 35 46 59 08 16 33 45 51 10 29 37 42 48 49 10 17 35 41 51 05 40 47 48 52 16 29 46 58 10 13 22 35 42 52 02 11
2017.01.17 # 03 # Tuesday # 51 48 22 47 46 52 # 26 29 35 46 59 08 16 33 45 51 10 29 37 42 48 49 10 17 35 41 51 05 40 47 48 52 16 29 46 58 10 13 22 35 42 52 02 11
2017.01.17 # 03 # Tuesday # 42 48 52 17 29 49 # 26 29 35 46 59 08 16 33 45 51 10 29 37 42 48 49 10 17 35 41 51 05 40 47 48 52 16 29 46 58 10 13 22 35 42 52 02 11
2017.01.17 # 03 # Tuesday # 22 48 52 42 59 46 # 26 29 35 46 59 08 16 33 45 51 10 29 37 42 48 49 10 17 35 41 51 05 40 47 48 52 16 29 46 58 10 13 22 35 42 52 02 11
2017.01.17 # 03 # Tuesday # 58 46 47 45 41 52 # 26 29 35 46 59 08 16 33 45 51 10 29 37 42 48 49 10 17 35 41 51 05 40 47 48 52 16 29 46 58 10 13 22 35 42 52 02 11
2017.01.17 # 03 # Tuesday # 35 16 11 29 48 05 # 26 29 35 46 59 08 16 33 45 51 10 29 37 42 48 49 10 17 35 41 51 05 40 47 48 52 16 29 46 58 10 13 22 35 42 52 02 11
2017.01.14 # 02 # Saturday # 22 08 16 19 52 07 # 02 03 05 07 08 09 10 11 13 16 17 18 19 22 27 31 32 33 36 37 40 41 42 44 45 47 48 49 51 52 54 58
2017.01.14 # 02 # Saturday # 41 19 18 48 45 47 # 02 03 05 07 08 09 10 11 13 16 17 18 19 22 27 31 32 33 36 37 40 41 42 44 45 47 48 49 51 52 54 58
2017.01.14 # 02 # Saturday # 36 22 40 17 03 49 # 02 03 05 07 08 09 10 11 13 16 17 18 19 22 27 31 32 33 36 37 40 41 42 44 45 47 48 49 51 52 54 58
2017.01.14 # 02 # Saturday # 19 42 45 44 08 51 # 02 03 05 07 08 09 10 11 13 16 17 18 19 22 27 31 32 33 36 37 40 41 42 44 45 47 48 49 51 52 54 58
2017.01.14 # 02 # Saturday # 16 17 58 31 51 22 # 02 03 05 07 08 09 10 11 13 16 17 18 19 22 27 31 32 33 36 37 40 41 42 44 45 47 48 49 51 52 54 58
2017.01.14 # 02 # Saturday # 08 02 16 52 10 49 # 02 03 05 07 08 09 10 11 13 16 17 18 19 22 27 31 32 33 36 37 40 41 42 44 45 47 48 49 51 52 54 58
2017.01.14 # 02 # Saturday # 11 37 47 42 07 13 # 02 03 05 07 08 09 10 11 13 16 17 18 19 22 27 31 32 33 36 37 40 41 42 44 45 47 48 49 51 52 54 58
2017.01.14 # 02 # Saturday # 58 31 40 32 17 13 # 02 03 05 07 08 09 10 11 13 16 17 18 19 22 27 31 32 33 36 37 40 41 42 44 45 47 48 49 51 52 54 58
2017.01.14 # 02 # Saturday # 58 10 11 32 40 09 # 02 03 05 07 08 09 10 11 13 16 17 18 19 22 27 31 32 33 36 37 40 41 42 44 45 47 48 49 51 52 54 58
2017.01.14 # 02 # Saturday # 45 52 22 16 18 11 # 02 03 05 07 08 09 10 11 13 16 17 18 19 22 27 31 32 33 36 37 40 41 42 44 45 47 48 49 51 52 54 58
2017.01.14 # 02 # Saturday # 14 41 43 04 24 53 # 02 03 04 05 07 12 14 17 18 24 31 32 37 38 41 42 43 52 53 54
2017.01.14 # 02 # Saturday # 42 12 02 24 37 04 # 02 03 04 05 07 12 14 17 18 24 31 32 37 38 41 42 43 52 54
2017.01.01 # 00 # Sunday # 02 45 26 08 27 25 # 02 03 04 07 08 12 14 15 24 25 26 27 28 31 32 37 38 43 45 46 58
2016.12.31 # 52 # Saturday # 46 09 02 57 41 14 # 02 03 04 06 07 08 09 12 14 15 16 17 18 19 21 23 24 25 26 27 28 29 31 32 34 35 36 37 38 39 41 42 43 45 46 49 51 53 56 57 58
2016.12.31 # 52 # Saturday # 49 19 56 39 46 38 # 02 03 04 06 07 08 09 12 14 15 16 17 18 19 21 23 24 25 26 27 28 29 31 32 34 35 36 37 38 39 41 42 43 45 46 49 51 53 56 57 58
2016.12.31 # 52 # Saturday # 35 38 12 42 15 04 # 02 03 04 06 07 08 09 12 14 15 16 17 18 19 21 23 24 25 26 27 28 29 31 32 34 35 36 37 38 39 41 42 43 45 46 49 51 53 56 57 58
2016.12.31 # 52 # Saturday # 19 46 16 35 23 49 # 02 03 04 06 07 08 09 12 14 15 16 17 18 19 21 23 24 25 26 27 28 29 31 32 34 35 36 37 38 39 41 42 43 45 46 49 51 53 56 57 58
2016.12.31 # 52 # Saturday # 23 17 32 36 26 34 # 02 03 04 06 07 08 09 12 14 15 16 17 18 19 21 23 24 25 26 27 28 29 31 32 34 35 36 37 38 39 41 42 43 45 46 49 51 53 56 57 58
2016.12.31 # 52 # Saturday # 39 15 36 27 34 46 # 02 03 04 06 07 08 09 12 14 15 16 17 18 19 21 23 24 25 26 27 28 29 31 32 34 35 36 37 38 39 41 42 43 45 46 49 51 53 56 57 58
2016.12.31 # 52 # Saturday # 27 25 32 43 02 07 # 02 03 04 06 07 08 09 12 14 15 16 17 18 19 21 23 24 25 26 27 28 29 31 32 34 35 36 37 38 39 41 42 43 45 46 49 51 53 56 57 58
2016.12.31 # 52 # Saturday # 34 21 58 18 37 17 # 02 03 04 06 07 08 09 12 14 15 16 17 18 19 21 23 24 25 26 27 28 29 31 32 34 35 36 37 38 39 41 42 43 45 46 49 51 53 56 57 58
2016.12.31 # 52 # Saturday # 12 18 04 43 19 42 # 02 03 04 06 07 08 09 12 14 15 16 17 18 19 21 23 24 25 26 27 28 29 31 32 34 35 36 37 38 39 41 42 43 45 46 49 51 53 56 57 58
2016.12.31 # 52 # Saturday # 02 37 28 06 51 46 # 02 03 04 06 07 08 09 12 14 15 16 17 18 19 21 23 24 25 26 27 28 29 31 32 34 35 36 37 38 39 41 42 43 45 46 49 51 53 56 57 58
2016.12.31 # 52 # Saturday # 23 51 38 27 24 17 # 02 03 04 06 07 08 09 12 14 15 16 17 18 19 21 23 24 25 26 27 28 29 31 32 34 35 36 37 38 39 41 42 43 45 46 49 51 53 56 57 58
2016.12.31 # 52 # Saturday # 09 35 25 03 49 39 # 02 03 04 06 07 08 09 12 14 15 16 17 18 19 21 23 24 25 26 27 28 29 31 32 34 35 36 37 38 39 41 42 43 45 46 49 51 53 56 57 58
2016.12.31 # 52 # Saturday # 34 17 26 16 36 37 # 02 03 04 06 07 08 09 12 14 15 16 17 18 19 21 23 24 25 26 27 28 29 31 32 34 35 36 37 38 39 41 42 43 45 46 49 51 53 56 57 58
2016.12.31 # 52 # Saturday # 17 43 57 58 56 26 # 02 03 04 06 07 08 09 12 14 15 16 17 18 19 21 23 24 25 26 27 28 29 31 32 34 35 36 37 38 39 41 42 43 45 46 49 51 53 56 57 58
2016.12.31 # 52 # Saturday # 03 45 08 39 02 58 # 02 03 04 06 07 08 09 12 14 15 16 17 18 19 21 23 24 25 26 27 28 29 31 32 34 35 36 37 38 39 41 42 43 45 46 49 51 53 56 57 58
2016.12.31 # 52 # Saturday # 58 39 41 26 25 38 # 02 03 04 06 07 08 09 12 14 15 16 17 18 19 21 23 24 25 26 27 28 29 31 32 34 35 36 37 38 39 41 42 43 45 46 49 51 53 56 57 58
2016.12.31 # 52 # Saturday # 19 38 02 34 58 14 # 02 03 04 06 07 08 09 12 14 15 16 17 18 19 21 23 24 25 26 27 28 29 31 32 34 35 36 37 38 39 41 42 43 45 46 49 51 53 56 57 58
2016.12.31 # 52 # Saturday # 34 23 42 37 19 15 # 02 03 04 06 07 08 09 12 14 15 16 17 18 19 21 23 24 25 26 27 28 29 31 32 34 35 36 37 38 39 41 42 43 45 46 49 51 53 56 57 58
2016.12.31 # 52 # Saturday # 34 09 32 37 15 03 # 02 03 04 06 07 08 09 12 14 15 16 17 18 19 21 23 24 25 26 27 28 29 31 32 34 35 36 37 38 39 41 42 43 45 46 49 51 53 56 57 58
2016.12.31 # 52 # Saturday # 56 21 07 43 29 34 # 02 03 04 06 07 08 09 12 14 15 16 17 18 19 21 23 24 25 26 27 28 29 31 32 34 35 36 37 38 39 41 42 43 45 46 49 51 53 56 57 58
2016.12.31 # 52 # Saturday # 15 25 12 49 26 18 # 02 03 04 06 07 08 09 12 14 15 16 17 18 19 21 23 24 25 26 27 28 29 31 32 34 35 36 37 38 39 41 42 43 45 46 49 51 53 56 57 58
2016.12.31 # 52 # Saturday # 57 58 28 53 21 51 # 02 03 04 06 07 08 09 12 14 15 16 17 18 19 21 23 24 25 26 27 28 29 31 32 34 35 36 37 38 39 41 42 43 45 46 49 51 53 56 57 58
2016.12.31 # 52 # Saturday # 24 06 21 51 04 23 # 02 03 04 06 07 08 09 12 14 15 16 17 18 19 21 23 24 25 26 27 28 29 31 32 34 35 36 37 38 39 41 42 43 45 46 49 51 53 56 57 58
2016.12.31 # 52 # Saturday # 06 26 49 18 17 12 # 02 03 04 06 07 08 09 12 14 15 16 17 18 19 21 23 24 25 26 27 28 29 31 32 34 35 36 37 38 39 41 42 43 45 46 49 51 53 56 57 58
2016.12.31 # 52 # Saturday # 02 03 35 21 43 34 # 02 03 04 06 07 08 09 12 14 15 16 17 18 19 21 23 24 25 26 27 28 29 31 32 34 35 36 37 38 39 41 42 43 45 46 49 51 53 56 57 58
2016.12.31 # 52 # Saturday # 14 53 16 21 42 37 # 02 03 04 06 07 08 09 12 14 15 16 17 18 19 21 23 24 25 26 27 28 29 31 32 34 35 36 37 38 39 41 42 43 45 46 49 51 53 56 57 58
2016.12.31 # 52 # Saturday # 12 32 43 26 53 56 # 02 03 04 06 07 08 09 12 14 15 16 17 18 19 21 23 24 25 26 27 28 29 31 32 34 35 36 37 38 39 41 42 43 45 46 49 51 53 56 57 58
2016.12.31 # 52 # Saturday # 34 32 23 17 36 06 # 02 03 04 06 07 08 09 12 14 15 16 17 18 19 21 23 24 25 26 27 28 29 31 32 34 35 36 37 38 39 41 42 43 45 46 49 51 53 56 57 58
2016.12.31 # 52 # Saturday # 08 06 46 43 24 38 # 02 03 04 06 07 08 09 12 14 15 16 17 18 19 21 23 24 25 26 27 28 29 31 32 34 35 36 37 38 39 41 42 43 45 46 49 51 53 56 57 58
2016.12.31 # 52 # Saturday # 19 24 07 35 26 23 # 02 03 04 06 07 08 09 12 14 15 16 17 18 19 21 23 24 25 26 27 28 29 31 32 34 35 36 37 38 39 41 42 43 45 46 49 51 53 56 57 58
2016.12.22 # 51 # Thursday # 08 17 05 07 04 27 # 03 04 05 07 08 16 17 24 25 26 27 28 31 37 38 45 46 47 58
2016.12.22 # 51 # Thursday # 27 24 58 08 37 28 # 03 04 05 07 08 15 16 17 24 25 26 27 28 31 37 38 45 46 47 58
2016.12.22 # 51 # Thursday # 07 56 08 38 17 45 # 03 04 05 07 08 16 17 24 25 26 27 28 31 37 38 45 46 47 56 58
2016.12.12 # 50 # Monday # 52 18 08 28 04 14 # 02 03 04 05 07 08 14 17 18 24 28 35 36 37 38 41 42 43 51 52 54 56
2016.12.12 # 50 # Monday # 14 28 04 42 37 17 # 02 03 04 05 08 14 17 18 24 28 35 36 37 38 41 42 43 51 52 54
2016.12.12 # 50 # Monday # 14 51 03 35 02 24 # 02 03 04 05 07 08 14 17 18 24 28 35 36 37 38 41 42 43 51 52 54 57
2016.12.10 # 49 # Saturday # 05 52 02 42 24 36 # 02 04 05 12 14 18 24 25 34 35 36 37 38 41 42 46 47 51 52
2016.12.10 # 49 # Saturday # 14 04 46 42 35 25 # 02 04 05 12 14 18 24 25 34 35 36 37 38 41 42 46 47 51 52
2016.12.10 # 49 # Saturday # 34 46 35 12 36 56 # 02 04 05 12 14 18 24 25 34 35 36 37 38 41 42 46 47 51 52 56
2016.12.10 # 49 # Saturday # 25 51 38 34 41 18 # 02 04 05 12 14 18 24 25 34 35 36 37 38 41 42 46 47 51 52 53
2016.12.07 # 49 # Wednesday # 31 34 41 12 46 42 # 05 12 14 16 17 24 26 27 28 31 34 35 36 37 38 41 42 43 46 47 51 52 56 58
2016.12.07 # 49 # Wednesday # 35 16 46 26 38 32 # 05 12 14 16 17 24 26 28 31 32 34 35 36 37 38 41 42 43 46 47 51 52 58
2016.12.07 # 49 # Wednesday # 26 41 17 05 28 16 # 05 12 14 15 16 17 24 26 28 31 34 35 36 37 38 41 42 43 46 47 51 52 56 57 58
2016.12.07 # 49 # Wednesday # 16 32 24 38 12 58 # 05 12 14 16 17 24 26 27 28 31 32 34 35 36 37 38 41 42 43 46 47 51 52 58
2016.12.03 # 48 # Saturday # 35 05 58 18 34 57 # 03 04 05 08 12 14 16 17 18 27 31 34 35 36 37 41 42 43 47 51 52 53 57 58
2016.12.03 # 48 # Saturday # 47 52 12 37 08 16 # 03 04 05 08 12 14 15 16 17 18 31 32 34 35 36 37 41 42 43 47 51 52 53 57 58
2016.12.01 # 48 # Thursday # 36 08 51 03 32 16 # 03 04 05 07 08 12 14 15 16 17 18 31 32 34 35 36 37 41 42 43 47 51 52 58
2016.11.27 # 47 # Sunday # 18 07 05 26 51 43 # 05 07 12 14 15 16 17 18 24 26 31 32 34 35 36 37 42 43 45 46 51 52 54 58
2016.11.27 # 47 # Sunday # 18 52 51 32 17 54 # 05 07 12 14 16 17 18 24 26 31 32 34 35 36 37 42 43 45 46 51 52 54 56 58
2016.11.24 # 47 # Thursday # 43 35 58 32 31 24 # 03 12 14 17 18 24 26 27 31 32 34 35 36 41 42 43 45 46 47 51 52 54 56 57 58
2016.11.24 # 47 # Thursday # 56 03 42 46 18 58 # 03 12 14 17 18 24 26 27 31 32 34 35 36 41 42 43 45 46 47 51 52 54 56 57 58
2016.11.23 # 47 # Wednesday # 45 24 25 56 14 42 # 02 03 14 18 23 24 25 26 31 32 34 35 41 42 43 45 46 52 54 56 57 58
2016.11.23 # 47 # Wednesday # 57 24 35 31 25 32 # 02 03 14 18 24 25 26 31 32 34 35 41 42 43 45 46 52 53 54 57 58
2016.11.20 # 46 # Sunday # 52 46 34 32 35 18 # 02 03 14 18 24 25 26 31 32 34 35 41 42 43 45 46 52 54 57 58
2016.11.19 # 46 # Saturday # 24 41 02 17 37 45 # 02 04 05 14 17 18 24 25 26 27 28 35 36 37 38 41 42 43 45 54 57 58
2016.11.17 # 46 # Thursday # 38 26 41 57 54 14 # 02 04 05 14 17 18 24 25 26 27 28 35 36 37 38 41 42 43 45 54 57 58
2016.11.16 # 46 # Wednesday # 25 06 57 38 24 37 # 05 06 07 08 14 18 24 25 26 27 28 35 36 37 38 41 42 46 47 51 57 58
2016.11.13 # 45 # Sunday # 58 18 08 57 38 05 # 05 06 08 14 18 24 25 26 27 28 35 36 37 38 41 42 46 47 51 57 58
2016.11.12 # 45 # Saturday # 42 28 46 02 36 47 # 02 03 04 05 06 17 18 24 25 27 28 32 36 37 41 42 43 46 47 54 57 58
2016.11.10 # 45 # Thursday # 41 58 37 28 47 03 # 02 03 04 05 06 17 18 23 24 25 27 28 32 36 37 41 42 43 46 47 54 57 58
2016.11.09 # 45 # Wednesday # 18 35 58 34 03 51 # 02 03 04 06 18 23 28 32 34 35 36 37 41 42 43 47 51 52 54 57 58
2016.11.09 # 45 # Wednesday # 32 23 18 04 54 35 # 02 03 04 06 18 23 28 32 34 35 36 37 41 42 43 47 51 52 54 57 58
2016.11.06 # 44 # Sunday # 32 28 37 34 06 23 # 02 03 04 06 23 28 32 34 35 36 37 41 42 43 47 51 52 54 57 58
2016.11.04 # 44 # Friday # 51 35 54 36 56 17 # 02 03 17 26 27 28 34 35 36 41 42 43 45 46 47 51 52 54 56 57
2016.11.03 # 44 # Thursday # 41 54 43 03 57 26 # 02 03 17 26 27 28 34 35 36 41 42 43 45 46 47 51 52 54 57
2016.11.01 # 44 # Tuesday # 41 36 54 18 34 14 # 02 03 04 12 14 18 26 32 34 35 36 37 38 41 42 43 45 46 47 51 54
2016.11.01 # 44 # Tuesday # 04 02 51 36 38 32 # 02 03 04 12 14 18 26 32 34 35 36 37 38 41 42 43 45 46 47 51 54
2016.11.01 # 44 # Tuesday # 36 54 46 45 02 32 # 02 03 04 12 14 18 26 32 34 35 36 37 38 41 42 43 45 46 47 51 54
2016.11.01 # 44 # Tuesday # 04 34 02 36 46 38 # 02 03 04 14 18 26 32 34 35 36 37 38 41 42 43 45 46 47 51 54
2016.11.01 # 44 # Tuesday # 14 26 46 36 47 45 # 02 03 04 14 18 26 32 34 35 36 37 38 41 42 43 45 46 47 51 54
2016.11.01 # 44 # Tuesday # 42 38 32 47 26 41 # 02 03 04 14 18 26 32 34 35 36 37 38 41 42 43 45 46 47 51 54
2016.11.01 # 44 # Tuesday # 14 02 54 41 35 51 # 02 03 04 12 14 18 26 32 34 35 36 37 38 41 42 43 45 46 47 51 54
2016.11.01 # 44 # Tuesday # 36 04 45 26 41 43 # 02 03 04 14 18 26 32 34 35 36 37 38 41 42 43 45 46 47 51 54 56
2016.11.01 # 44 # Tuesday # 56 02 26 35 41 36 # 02 03 04 14 18 26 32 34 35 36 37 38 41 42 43 45 46 47 51 54 56
2016.11.01 # 44 # Tuesday # 42 43 18 51 38 36 # 02 03 04 14 18 26 32 34 35 36 37 38 41 42 43 45 46 47 51 54
2016.11.01 # 44 # Tuesday # 51 37 35 42 45 41 # 02 03 04 14 18 26 32 34 35 36 37 38 41 42 43 45 46 47 51 54
2016.11.01 # 44 # Tuesday # 43 04 37 14 46 32 # 02 03 04 14 18 26 32 34 35 36 37 38 41 42 43 45 46 47 51 54 56
2016.11.01 # 44 # Tuesday # 43 02 54 47 32 03 # 02 03 04 14 18 26 32 34 35 36 37 38 41 42 43 45 46 47 51 54
2016.11.01 # 44 # Tuesday # 04 41 32 37 35 18 # 02 03 04 14 18 26 32 34 35 36 37 38 41 42 43 45 46 47 51 54 56
2016.11.01 # 44 # Tuesday # 35 18 37 43 41 03 # 02 03 04 12 14 18 26 32 34 35 36 37 38 41 42 43 45 46 47 51 54
2016.11.01 # 44 # Tuesday # 32 51 37 36 04 42 # 02 03 04 14 18 26 32 34 35 36 37 38 41 42 43 45 46 47 51 54
2016.11.01 # 44 # Tuesday # 43 03 32 36 04 26 # 02 03 04 14 18 26 32 34 35 36 37 38 41 42 43 45 46 47 51 54
2016.11.01 # 44 # Tuesday # 34 03 02 37 45 35 # 02 03 04 14 18 26 32 34 35 36 37 38 41 42 43 45 46 47 51 54
2016.11.01 # 44 # Tuesday # 38 43 37 51 47 35 # 02 03 04 14 18 26 32 34 35 36 37 38 41 42 43 45 46 47 51 54 56
2016.10.30 # 43 # Sunday # 35 18 03 56 02 54 # 02 03 04 14 18 26 32 34 35 36 37 38 41 42 43 45 46 47 51 54 56
2016.10.29 # 43 # Saturday # 38 36 03 14 23 16 # 02 03 14 15 16 17 18 23 24 25 32 34 35 36 37 38 41 42 43 46 47 57 58
2016.10.29 # 43 # Saturday # 47 02 58 46 42 38 # 02 03 14 16 17 18 23 24 25 32 34 35 36 37 38 41 42 43 46 47 57 58
2016.10.27 # 43 # Thursday # 36 18 24 46 23 25 # 02 03 14 16 17 18 23 24 25 32 34 36 37 38 41 42 43 46 47 56 57 58
2016.10.26 # 43 # Wednesday # 06 14 34 41 52 35 # 06 14 16 17 21 23 24 34 35 36 37 38 41 42 43 47 52 56 57 58
2016.10.26 # 43 # Wednesday # 06 17 42 34 56 41 # 06 14 16 17 21 23 24 34 35 36 37 38 41 42 43 47 52 56 57 58
2016.10.26 # 43 # Wednesday # 17 36 37 14 35 16 # 06 14 16 17 23 24 34 35 36 37 38 41 42 43 47 52 53 56 57 58
2016.10.26 # 43 # Wednesday # 38 14 42 24 23 21 # 06 14 16 17 21 23 24 34 35 36 37 38 41 42 43 47 52 56 57 58
2016.10.26 # 43 # Wednesday # 37 42 17 24 57 52 # 06 14 16 17 23 24 34 35 36 37 38 41 42 43 47 52 53 56 57 58
2016.10.26 # 43 # Wednesday # 41 35 34 52 06 47 # 06 12 14 16 17 23 24 34 35 36 37 38 41 42 43 47 52 56 57 58
2016.10.26 # 43 # Wednesday # 42 52 34 41 23 16 # 06 14 15 16 17 23 24 34 35 36 37 38 41 42 43 47 52 56 57 58
2016.10.26 # 43 # Wednesday # 24 37 14 56 23 42 # 05 06 14 16 17 23 24 34 35 36 37 38 41 42 43 47 52 56 57 58
2016.10.26 # 43 # Wednesday # 35 17 52 34 56 42 # 06 14 16 17 23 24 34 35 36 37 38 41 42 43 47 52 53 56 57 58
2016.10.26 # 43 # Wednesday # 57 23 37 56 16 42 # 05 06 14 16 17 23 24 34 35 36 37 38 41 42 43 47 52 56 57 58
2016.10.26 # 43 # Wednesday # 06 37 23 38 35 17 # 06 14 16 17 23 24 34 35 36 37 38 41 42 43 47 52 53 56 57 58
2016.10.26 # 43 # Wednesday # 34 52 16 56 58 36 # 05 06 14 16 17 23 24 34 35 36 37 38 41 42 43 47 52 56 57 58
2016.10.26 # 43 # Wednesday # 36 37 14 35 53 56 # 06 14 16 17 23 24 34 35 36 37 38 41 42 43 47 52 53 56 57 58
2016.10.26 # 43 # Wednesday # 17 41 24 42 36 57 # 06 14 16 17 23 24 34 35 36 37 38 41 42 43 47 52 53 56 57 58
2016.10.26 # 43 # Wednesday # 37 16 38 34 36 52 # 06 12 14 16 17 23 24 34 35 36 37 38 41 42 43 47 52 56 57 58
2016.10.26 # 43 # Wednesday # 37 24 14 52 23 36 # 06 12 14 16 17 23 24 34 35 36 37 38 41 42 43 47 52 56 57 58
2016.10.26 # 43 # Wednesday # 14 47 24 06 16 43 # 05 06 14 16 17 23 24 34 35 36 37 38 41 42 43 47 52 56 57 58
2016.10.26 # 43 # Wednesday # 43 38 36 58 34 47 # 05 06 14 16 17 23 24 34 35 36 37 38 41 42 43 47 52 56 57 58
2016.10.26 # 43 # Wednesday # 43 16 57 52 42 24 # 06 14 16 17 23 24 34 35 36 37 38 41 42 43 47 52 53 56 57 58
2016.10.23 # 42 # Sunday # 56 43 34 57 16 47 # 06 12 14 16 17 23 24 34 35 36 37 38 41 42 43 47 52 56 57 58
2016.10.23 # 42 # Sunday # 14 16 35 24 57 34 # 06 12 14 16 17 23 24 34 35 36 37 38 41 42 43 47 52 56 57 58
2016.10.22 # 42 # Saturday # 56 38 06 17 35 41 # 06 12 17 18 23 24 26 27 28 34 35 36 37 38 41 43 47 52 56 57
2016.10.22 # 42 # Saturday # 36 17 06 18 41 43 # 06 12 17 18 23 24 26 28 34 35 36 37 38 41 43 45 47 52 56 57
2016.10.22 # 42 # Saturday # 21 41 24 36 35 56 # 06 12 17 18 21 23 24 26 28 34 35 36 37 38 41 43 45 47 52 56 57
2016.10.22 # 42 # Saturday # 52 56 15 36 43 18 # 06 12 15 17 18 23 24 26 27 28 34 35 36 37 38 41 43 47 52 56 57
2016.10.22 # 42 # Saturday # 43 35 06 18 12 28 # 06 12 17 18 23 24 26 27 28 34 35 36 37 38 41 43 47 52 56 57
2016.10.22 # 42 # Saturday # 57 17 23 24 28 38 # 06 12 17 18 23 24 26 27 28 34 35 36 37 38 41 43 45 47 52 56 57
2016.10.22 # 42 # Saturday # 18 34 43 17 26 47 # 06 12 17 18 23 24 26 27 28 34 35 36 37 38 41 43 45 47 52 56 57
2016.10.22 # 42 # Saturday # 34 21 36 12 37 45 # 06 12 17 18 21 23 24 26 28 34 35 36 37 38 41 43 45 47 52 56 57
2016.10.22 # 42 # Saturday # 23 56 43 41 38 24 # 06 12 15 17 18 23 24 26 27 28 34 35 36 37 38 41 43 47 52 56 57
2016.10.22 # 42 # Saturday # 41 43 45 26 24 06 # 06 12 17 18 23 24 26 27 28 34 35 36 37 38 41 43 45 47 52 56 57
2016.10.22 # 42 # Saturday # 12 17 38 37 47 52 # 06 12 15 17 18 23 24 26 28 34 35 36 37 38 41 43 47 52 56 57
2016.10.22 # 42 # Saturday # 57 26 56 36 28 34 # 06 12 14 16 17 18 23 24 25 26 28 34 35 36 37 38 41 42 43 45 46 47 51 52 56 57
2016.10.22 # 42 # Saturday # 36 06 41 37 34 18 # 06 12 14 16 17 18 21 23 24 25 26 28 34 35 36 37 38 41 42 43 45 46 47 51 52 56 57
2016.10.22 # 42 # Saturday # 25 21 37 23 36 28 # 06 12 14 15 16 17 18 21 23 24 25 26 28 34 35 36 37 38 41 42 43 46 47 51 52 56 57
2016.10.22 # 42 # Saturday # 51 18 12 17 42 06 # 06 12 14 16 17 18 21 23 24 25 26 27 28 34 35 36 37 38 41 42 43 46 47 51 52 56 57
2016.10.22 # 42 # Saturday # 24 23 43 17 58 36 # 06 12 14 15 16 17 18 21 23 24 25 26 27 28 34 35 36 37 38 41 42 43 46 47 51 52 56 57 58
2016.10.22 # 42 # Saturday # 06 17 28 14 23 21 # 05 06 12 14 15 16 17 18 21 23 24 25 26 28 34 35 36 37 38 41 42 43 46 47 51 52 56 57 58
2016.10.22 # 42 # Saturday # 16 15 37 43 34 47 # 06 12 14 15 16 17 18 23 24 25 26 28 34 35 36 37 38 41 42 43 46 47 51 52 53 56 57 58
2016.10.22 # 42 # Saturday # 56 38 24 18 14 16 # 06 12 14 15 16 17 18 23 24 25 26 27 28 34 35 36 37 38 41 42 43 46 47 51 52 56 57 58
2016.10.17 # 42 # Monday # 41 15 52 26 24 37 # 02 03 04 06 12 15 17 18 21 23 24 26 28 32 34 35 36 37 38 41 43 47 52 54 56 57 58
2016.10.17 # 42 # Monday # 57 32 02 34 52 28 # 02 03 04 06 12 15 17 18 21 23 24 26 28 32 34 35 36 37 38 41 43 47 52 54 56 57 58
2016.10.17 # 42 # Monday # 56 36 38 37 34 18 # 02 03 04 06 12 17 18 23 24 26 27 28 32 34 35 36 37 38 41 43 45 47 52 54 56 57 58
2016.10.17 # 42 # Monday # 43 23 34 52 26 17 # 02 03 04 06 12 17 18 23 24 26 28 32 34 35 36 37 38 41 43 45 47 52 53 54 56 57 58
2016.10.17 # 42 # Monday # 52 03 36 26 43 53 # 02 03 04 06 12 15 17 18 23 24 26 28 32 34 35 36 37 38 41 43 47 52 53 54 56 57 58
2016.10.16 # 41 # Sunday # 12 41 54 26 38 56 # 02 03 04 06 07 12 17 18 23 24 26 28 32 34 35 36 37 38 41 43 45 47 52 54 56 57 58
2016.10.14 # 41 # Friday # 56 57 04 03 47 52 # 03 04 06 07 12 14 15 16 17 18 23 24 26 28 31 32 34 35 37 38 41 42 43 46 47 51 52 54 56 57
2016.10.14 # 41 # Friday # 03 41 16 42 47 51 # 03 04 06 07 12 14 16 17 18 21 23 24 26 28 32 34 35 37 38 41 42 43 45 46 47 51 52 54 56 57
2016.10.14 # 41 # Friday # 37 43 45 18 03 52 # 03 04 06 12 14 16 17 18 23 24 25 26 28 32 34 35 37 38 41 42 43 45 46 47 51 52 53 54 56 57
2016.10.14 # 41 # Friday # 21 47 04 57 51 18 # 03 04 05 06 12 14 16 17 18 21 23 24 26 28 31 32 34 35 37 38 41 42 43 46 47 51 52 54 56 57
2016.10.14 # 41 # Friday # 43 03 42 54 07 14 # 03 04 06 07 12 14 16 17 18 23 24 26 28 31 32 34 35 37 38 41 42 43 46 47 51 52 53 54 56 57
2016.10.14 # 41 # Friday # 03 15 43 28 51 34 # 03 04 05 06 12 14 15 16 17 18 23 24 26 28 31 32 34 35 37 38 41 42 43 46 47 51 52 54 56 57
2016.10.14 # 41 # Friday # 43 06 12 14 34 54 # 03 04 06 07 12 14 16 17 18 23 24 26 28 31 32 34 35 37 38 41 42 43 46 47 51 52 53 54 56 57
2016.10.14 # 41 # Friday # 04 35 17 38 43 26 # 03 04 05 06 12 14 16 17 18 23 24 25 26 28 32 34 35 37 38 41 42 43 45 46 47 51 52 54 56 57
2016.10.14 # 41 # Friday # 16 34 05 43 42 41 # 03 04 05 06 12 14 16 17 18 23 24 26 28 31 32 34 35 37 38 41 42 43 45 46 47 51 52 54 56 57
2016.10.14 # 41 # Friday # 24 51 47 18 28 16 # 03 04 06 07 12 14 16 17 18 23 24 26 27 28 31 32 34 35 37 38 41 42 43 46 47 51 52 54 56 57
2016.10.14 # 41 # Friday # 04 56 23 27 42 21 # 03 04 06 07 12 14 16 17 18 21 23 24 26 27 28 32 34 35 37 38 41 42 43 46 47 51 52 54 56 57
2016.10.14 # 41 # Friday # 18 37 35 16 28 57 # 03 04 05 06 12 14 16 17 18 23 24 26 28 32 34 35 37 38 41 42 43 45 46 47 51 52 53 54 56 57
2016.10.14 # 41 # Friday # 06 16 32 07 18 12 # 03 04 06 07 12 14 15 16 17 18 23 24 25 26 28 32 34 35 37 38 41 42 43 46 47 51 52 54 56 57
2016.10.14 # 41 # Friday # 12 25 34 17 35 24 # 03 04 05 06 12 14 16 17 18 23 24 25 26 28 32 34 35 37 38 41 42 43 46 47 51 52 53 54 56 57
2016.10.14 # 41 # Friday # 21 17 38 46 24 51 # 03 04 06 12 14 16 17 18 21 23 24 26 27 28 31 32 34 35 37 38 41 42 43 46 47 51 52 54 56 57
2016.10.14 # 41 # Friday # 54 46 21 42 43 23 # 03 04 06 12 14 16 17 18 21 23 24 26 27 28 32 34 35 37 38 41 42 43 45 46 47 51 52 54 56 57
2016.10.14 # 41 # Friday # 56 17 15 27 51 32 # 03 04 06 12 14 15 16 17 18 21 23 24 26 27 28 32 34 35 37 38 41 42 43 46 47 51 52 54 56 57
2016.10.14 # 41 # Friday # 04 05 52 42 24 34 # 03 04 05 06 12 14 15 16 17 18 21 23 24 26 28 32 34 35 37 38 41 42 43 46 47 51 52 54 56 57
2016.10.14 # 41 # Friday # 06 46 21 34 51 43 # 03 04 05 06 07 12 14 16 17 18 21 23 24 26 28 32 34 35 37 38 41 42 43 46 47 51 52 54 56 57
2016.10.14 # 41 # Friday # 18 14 54 06 52 32 # 03 04 06 07 12 14 16 17 18 23 24 26 28 31 32 34 35 37 38 41 42 43 46 47 51 52 53 54 56 57
2016.10.14 # 41 # Friday # 43 06 28 14 21 24 # 03 04 05 06 12 14 16 17 18 21 23 24 26 27 28 32 34 35 37 38 41 42 43 46 47 51 52 54 56 57
2016.10.14 # 41 # Friday # 27 34 56 28 05 23 # 03 04 05 06 07 12 14 16 17 18 23 24 26 27 28 32 34 35 37 38 41 42 43 46 47 51 52 54 56 57
2016.10.14 # 41 # Friday # 47 16 54 18 51 41 # 03 04 06 07 12 14 16 17 18 23 24 25 26 28 32 34 35 37 38 41 42 43 45 46 47 51 52 54 56 57
2016.10.14 # 41 # Friday # 51 17 35 14 32 56 # 03 04 06 12 14 16 17 18 21 23 24 25 26 28 32 34 35 37 38 41 42 43 46 47 51 52 53 54 56 57
2016.10.14 # 41 # Friday # 26 04 24 06 15 14 # 03 04 06 12 14 15 16 17 18 23 24 25 26 28 32 34 35 37 38 41 42 43 45 46 47 51 52 54 56 57
2016.10.14 # 41 # Friday # 24 27 35 38 52 04 # 03 04 05 06 12 14 16 17 18 23 24 26 27 28 32 34 35 37 38 41 42 43 46 47 51 52 53 54 56 57
2016.10.14 # 41 # Friday # 03 41 14 04 28 43 # 03 04 05 06 12 14 15 16 17 18 23 24 26 28 31 32 34 35 37 38 41 42 43 46 47 51 52 54 56 57
2016.10.14 # 41 # Friday # 32 37 38 57 34 35 # 03 04 06 07 12 14 15 16 17 18 21 23 24 26 28 32 34 35 37 38 41 42 43 46 47 51 52 54 56 57
2016.10.13 # 41 # Thursday # 12 17 41 03 46 34 # 03 04 05 06 12 14 16 17 18 23 24 26 28 31 32 34 35 37 38 41 42 43 46 47 51 52 53 54 56 57
2016.10.13 # 41 # Thursday # 17 43 03 41 46 12 # 03 04 05 06 12 14 15 16 17 18 23 24 26 28 32 34 35 37 38 41 42 43 46 47 51 52 53 54 56 57
2016.10.12 # 41 # Wednesday # 38 04 43 54 53 12 # 02 03 04 05 06 12 14 16 18 23 24 26 27 28 34 35 36 37 38 41 43 46 47 51 52 53 54 56 57 58
2016.10.12 # 41 # Wednesday # 47 56 52 04 41 35 # 02 03 04 05 06 12 14 15 16 18 23 24 26 28 34 35 36 37 38 41 43 45 46 47 51 52 54 56 57 58
2016.10.12 # 41 # Wednesday # 04 26 54 02 52 58 # 02 03 04 05 06 07 12 14 16 18 23 24 26 28 31 34 35 36 37 38 41 43 46 47 51 52 54 56 57 58
2016.10.12 # 41 # Wednesday # 24 52 47 05 41 57 # 02 03 04 05 06 07 12 14 15 16 18 23 24 26 28 34 35 36 37 38 41 43 46 47 51 52 54 56 57 58
2016.10.12 # 41 # Wednesday # 12 02 47 43 46 16 # 02 03 04 05 06 12 14 15 16 18 23 24 26 28 31 34 35 36 37 38 41 43 46 47 51 52 54 56 57 58
2016.10.12 # 41 # Wednesday # 23 56 36 06 47 15 # 02 03 04 05 06 12 14 15 16 18 21 23 24 26 28 34 35 36 37 38 41 43 46 47 51 52 54 56 57 58
2016.10.11 # 41 # Tuesday # 35 52 47 58 05 57 # 02 03 04 05 06 12 14 16 18 23 24 26 28 31 34 35 36 37 38 41 43 46 47 51 52 53 54 56 57 58
2016.10.11 # 41 # Tuesday # 46 51 14 18 03 34 # 02 03 04 05 06 12 14 16 18 23 24 26 27 28 34 35 36 37 38 41 43 46 47 51 52 53 54 56 57 58
2016.10.09 # 40 # Sunday # 51 46 38 52 43 16 # 02 03 04 05 06 12 14 15 16 18 23 24 26 28 34 35 36 37 38 41 43 45 46 47 51 52 54 56 57 58
2016.10.09 # 40 # Sunday # 34 12 04 41 36 18 # 02 03 04 05 06 12 14 15 16 18 23 24 26 28 34 35 36 37 38 41 43 46 47 51 52 53 54 56 57 58
2016.10.09 # 40 # Sunday # 04 56 51 36 43 05 # 02 03 04 05 06 12 14 15 16 18 23 24 26 28 34 35 36 37 38 41 43 46 47 51 52 53 54 56 57 58
2016.10.09 # 40 # Sunday # 05 43 47 24 02 12 # 02 03 04 05 06 12 14 15 16 18 23 24 26 28 34 35 36 37 38 41 43 46 47 51 52 53 54 56 57 58
2016.10.09 # 40 # Sunday # 26 18 37 47 57 36 # 02 03 04 05 06 12 14 15 16 18 23 24 25 26 28 34 35 36 37 38 41 43 46 47 51 52 54 56 57 58
2016.10.09 # 40 # Sunday # 41 15 16 57 14 02 # 02 03 04 05 06 12 14 15 16 18 23 24 26 28 34 35 36 37 38 41 43 45 46 47 51 52 54 56 57 58
2016.10.09 # 40 # Sunday # 52 04 03 23 02 28 # 02 03 04 05 06 12 14 15 16 18 23 24 25 26 28 34 35 36 37 38 41 43 46 47 51 52 54 56 57 58
2016.10.09 # 40 # Sunday # 03 56 41 38 26 14 # 02 03 04 05 06 07 12 14 15 16 18 23 24 26 28 34 35 36 37 38 41 43 46 47 51 52 54 56 57 58
2016.10.09 # 40 # Sunday # 54 47 16 56 34 37 # 02 03 04 05 06 12 14 15 16 18 23 24 26 28 31 34 35 36 37 38 41 43 46 47 51 52 54 56 57 58
2016.10.09 # 40 # Sunday # 06 35 51 12 36 28 # 02 03 04 05 06 12 14 15 16 18 23 24 26 28 34 35 36 37 38 41 43 46 47 51 52 54 56 57 58
2016.10.09 # 40 # Sunday # 46 14 02 15 03 57 # 02 03 04 05 06 12 14 15 16 18 23 24 26 28 34 35 36 37 38 41 43 46 47 51 52 54 56 57 58
2016.10.09 # 40 # Sunday # 24 04 38 23 47 58 # 02 03 04 05 06 12 14 15 16 18 23 24 26 27 28 34 35 36 37 38 41 43 46 47 51 52 54 56 57 58
2016.10.09 # 40 # Sunday # 46 14 24 35 56 52 # 02 03 04 05 06 12 14 15 16 18 23 24 26 28 34 35 36 37 38 41 43 46 47 51 52 54 56 57 58
2016.10.09 # 40 # Sunday # 35 54 14 57 46 04 # 02 03 04 05 06 12 14 15 16 18 23 24 26 28 34 35 36 37 38 41 43 46 47 51 52 53 54 56 57 58
2016.10.09 # 40 # Sunday # 12 14 52 35 46 16 # 02 03 04 05 06 12 14 15 16 18 23 24 25 26 28 34 35 36 37 38 41 43 46 47 51 52 54 56 57 58
2016.10.09 # 40 # Sunday # 57 23 36 52 38 37 # 02 03 04 05 06 12 14 15 16 18 23 24 26 28 34 35 36 37 38 41 43 46 47 51 52 54 56 57 58
2016.10.09 # 40 # Sunday # 54 28 05 04 23 57 # 02 03 04 05 06 12 14 15 16 18 23 24 26 28 34 35 36 37 38 41 43 46 47 51 52 54 56 57 58
2016.10.09 # 40 # Sunday # 12 47 41 26 06 03 # 02 03 04 05 06 12 14 15 16 18 23 24 26 27 28 34 35 36 37 38 41 43 46 47 51 52 54 56 57 58
2016.10.09 # 40 # Sunday # 34 37 57 05 36 56 # 02 03 04 05 06 12 14 15 16 18 21 23 24 26 28 34 35 36 37 38 41 43 46 47 51 52 54 56 57 58
2016.10.09 # 40 # Sunday # 26 46 38 12 35 15 # 02 03 04 05 06 07 12 14 15 16 18 23 24 26 28 34 35 36 37 38 41 43 46 47 51 52 54 56 57 58
2016.10.09 # 40 # Sunday # 15 34 03 18 06 41 # 02 03 04 05 06 07 12 14 15 16 18 23 24 26 28 34 35 36 37 38 41 43 46 47 51 52 54 56 57 58
2016.10.09 # 40 # Sunday # 28 24 37 41 47 12 # 02 03 04 05 06 12 14 15 16 18 23 24 26 28 34 35 36 37 38 41 43 46 47 51 52 53 54 56 57 58
2016.10.09 # 40 # Sunday # 56 15 28 35 46 03 # 02 03 04 05 06 07 12 14 15 16 18 23 24 26 28 34 35 36 37 38 41 43 46 47 51 52 54 56 57 58
2016.10.07 # 40 # Friday # 35 57 18 04 28 56 # 02 03 04 05 06 07 12 14 15 17 18 23 24 26 28 34 35 36 38 41 42 46 47 51 52 53 54 56 57 58
2016.10.07 # 40 # Friday # 58 54 18 03 05 51 # 02 03 04 05 06 12 14 15 17 18 23 24 26 28 31 34 35 36 38 41 42 46 47 51 52 53 54 56 57 58
2016.10.07 # 40 # Friday # 38 18 02 35 54 41 # 02 03 04 05 06 12 14 15 17 18 23 24 26 28 31 34 35 36 38 41 42 46 47 51 52 54 56 57 58
2016.10.07 # 40 # Friday # 52 05 41 47 18 56 # 02 03 04 05 06 12 14 15 17 18 23 24 26 28 32 34 35 36 38 41 42 46 47 51 52 54 56 57 58
2016.10.07 # 40 # Friday # 12 31 34 15 23 17 # 02 03 04 05 06 12 14 15 17 18 23 24 26 27 28 31 34 35 36 38 41 42 46 47 51 52 54 56 57 58
2016.10.07 # 40 # Friday # 58 36 57 56 15 05 # 02 03 04 05 06 12 14 15 17 18 23 24 26 28 34 35 36 38 41 42 45 46 47 51 52 53 54 56 57 58
2016.10.07 # 40 # Friday # 06 58 21 52 35 34 # 02 03 04 05 06 12 14 15 17 18 21 23 24 26 28 34 35 36 38 41 42 46 47 51 52 54 56 57 58
2016.10.07 # 40 # Friday # 02 56 26 52 24 54 # 02 03 04 05 06 12 14 15 17 18 23 24 26 28 34 35 36 38 41 42 45 46 47 51 52 54 56 57 58
2016.10.07 # 40 # Friday # 38 54 58 34 36 28 # 02 03 04 05 06 07 12 14 15 17 18 23 24 26 28 34 35 36 38 41 42 46 47 51 52 54 56 57 58
2016.10.07 # 40 # Friday # 14 57 42 05 02 35 # 02 03 04 05 06 12 14 15 17 18 23 24 26 27 28 31 34 35 36 38 41 42 46 47 51 52 54 56 57 58
2016.10.07 # 40 # Friday # 42 36 38 12 54 02 # 02 03 04 05 06 07 12 14 15 17 18 23 24 26 28 34 35 36 38 41 42 46 47 51 52 54 56 57 58
2016.10.07 # 40 # Friday # 26 23 12 15 14 04 # 02 03 04 05 06 12 14 15 17 18 23 24 26 28 34 35 36 38 41 42 46 47 51 52 53 54 56 57 58
2016.10.07 # 40 # Friday # 17 28 26 12 02 32 # 02 03 04 05 06 12 14 15 17 18 23 24 26 27 28 32 34 35 36 38 41 42 46 47 51 52 54 56 57 58
2016.10.07 # 40 # Friday # 17 36 41 34 23 02 # 02 03 04 05 06 12 14 15 17 18 23 24 26 28 32 34 35 36 38 41 42 45 46 47 51 52 54 56 57 58
2016.10.07 # 40 # Friday # 47 05 35 56 38 54 # 02 03 04 05 06 12 14 15 17 18 21 23 24 26 28 34 35 36 38 41 42 46 47 51 52 54 56 57 58
2016.10.07 # 40 # Friday # 58 57 45 04 26 38 # 02 03 04 05 06 12 14 15 17 18 23 24 26 28 34 35 36 38 41 42 45 46 47 51 52 54 56 57 58
2016.10.07 # 40 # Friday # 23 02 46 24 56 35 # 02 03 04 05 06 12 14 15 17 18 23 24 26 28 32 34 35 36 38 41 42 46 47 51 52 53 54 56 57 58
2016.10.07 # 40 # Friday # 42 35 05 51 36 56 # 02 03 04 05 06 12 14 15 17 18 21 23 24 26 28 34 35 36 38 41 42 46 47 51 52 54 56 57 58
2016.10.07 # 40 # Friday # 28 54 58 57 06 14 # 02 03 04 05 06 12 14 15 17 18 23 24 26 27 28 34 35 36 38 41 42 46 47 51 52 54 56 57 58
2016.10.07 # 40 # Friday # 28 07 54 57 38 05 # 02 03 04 05 06 07 12 14 15 17 18 23 24 26 28 32 34 35 36 38 41 42 46 47 51 52 54 56 57 58
2016.10.07 # 40 # Friday # 05 21 06 28 41 58 # 02 03 04 05 06 12 14 15 17 18 21 23 24 26 28 31 34 35 36 38 41 42 46 47 51 52 54 56 57 58
2016.10.07 # 40 # Friday # 52 35 12 28 42 04 # 02 03 04 05 06 12 14 15 17 18 21 23 24 26 28 34 35 36 38 41 42 46 47 51 52 54 56 57 58
2016.10.07 # 40 # Friday # 17 51 24 47 05 02 # 02 03 04 05 06 07 12 14 15 17 18 23 24 26 28 31 34 35 36 38 41 42 46 47 51 52 54 56 57 58
2016.10.07 # 40 # Friday # 05 28 54 53 26 34 # 02 03 04 05 06 12 14 15 17 18 23 24 26 28 34 35 36 38 41 42 46 47 51 52 53 54 56 57 58
2016.10.07 # 40 # Friday # 45 28 51 04 03 06 # 02 03 04 05 06 12 14 15 17 18 23 24 26 27 28 34 35 36 38 41 42 45 46 47 51 52 54 56 57 58
2016.10.07 # 40 # Friday # 35 15 58 53 38 41 # 02 03 04 05 06 12 14 15 17 18 23 24 26 28 31 34 35 36 38 41 42 46 47 51 52 53 54 56 57 58
2016.10.07 # 40 # Friday # 06 47 14 52 41 57 # 02 03 04 05 06 12 14 15 17 18 23 24 26 28 31 34 35 36 38 41 42 46 47 51 52 54 56 57 58
2016.10.07 # 40 # Friday # 47 56 05 15 52 12 # 02 03 04 05 06 12 14 15 17 18 23 24 26 28 31 34 35 36 38 41 42 46 47 51 52 53 54 56 57 58
2016.10.07 # 40 # Friday # 56 05 28 06 34 36 # 02 03 04 05 06 12 14 15 17 18 21 23 24 26 28 34 35 36 38 41 42 45 46 47 51 52 54 56 57 58
2016.10.07 # 40 # Friday # 47 02 24 46 26 23 # 02 03 04 05 06 12 14 15 17 18 23 24 26 28 34 35 36 38 41 42 46 47 51 52 53 54 56 57 58
2016.10.07 # 40 # Friday # 56 38 46 26 52 27 # 02 03 04 05 06 12 14 15 17 18 23 24 26 27 28 31 34 35 36 38 41 42 46 47 51 52 54 56 57 58
2016.10.07 # 40 # Friday # 06 15 05 34 26 17 # 02 03 04 05 06 12 14 15 17 18 21 23 24 26 27 28 34 35 36 38 41 42 46 47 51 52 54 56 57 58
2016.10.07 # 40 # Friday # 52 14 57 17 53 28 # 02 03 04 05 06 12 14 15 17 18 23 24 26 28 34 35 36 38 41 42 45 46 47 51 52 53 54 56 57 58
2016.10.07 # 40 # Friday # 58 03 47 56 12 14 # 02 03 04 05 06 12 14 15 17 18 23 24 26 28 32 34 35 36 38 41 42 46 47 51 52 54 56 57 58
2016.10.07 # 40 # Friday # 05 28 06 46 26 02 # 02 03 04 05 06 12 14 15 17 18 21 23 24 26 28 34 35 36 38 41 42 46 47 51 52 54 56 57 58
2016.10.07 # 40 # Friday # 12 28 41 56 26 15 # 02 03 04 05 06 12 14 15 17 18 23 24 26 28 34 35 36 38 41 42 46 47 51 52 54 56 57 58
2016.10.07 # 40 # Friday # 12 28 41 24 06 27 # 02 03 04 05 06 12 14 15 17 18 23 24 26 27 28 34 35 36 38 41 42 45 46 47 51 52 54 56 57 58
2016.10.07 # 40 # Friday # 54 52 47 28 06 35 # 02 03 04 05 06 12 14 15 17 18 23 24 26 27 28 34 35 36 38 41 42 46 47 51 52 54 56 57 58
2016.10.07 # 40 # Friday # 42 46 15 18 06 58 # 02 03 04 05 06 12 14 15 17 18 23 24 26 28 31 34 35 36 38 41 42 46 47 51 52 54 56 57 58
2016.10.07 # 40 # Friday # 24 56 05 02 58 03 # 02 03 04 05 06 12 14 15 17 18 23 24 26 28 31 32 34 35 36 38 41 42 46 47 51 52 54 56 57 58
2016.10.07 # 40 # Friday # 23 56 05 51 18 12 # 02 03 04 05 06 12 14 15 17 18 21 23 24 26 28 34 35 36 38 41 42 46 47 51 52 54 56 57 58
2016.10.07 # 40 # Friday # 51 58 04 52 03 06 # 02 03 04 05 06 12 14 15 17 18 23 24 26 28 32 34 35 36 38 41 42 46 47 51 52 54 56 57 58
2016.10.07 # 40 # Friday # 54 46 42 38 17 51 # 02 03 04 05 06 12 14 15 17 18 21 23 24 26 28 31 34 35 36 38 41 42 46 47 51 52 54 56 57 58
2016.10.07 # 40 # Friday # 57 17 12 23 47 56 # 02 03 04 05 06 12 14 15 17 18 23 24 26 27 28 31 34 35 36 38 41 42 46 47 51 52 54 56 57 58
2016.10.07 # 40 # Friday # 14 56 12 05 04 58 # 02 03 04 05 06 07 12 14 15 17 18 23 24 26 28 32 34 35 36 38 41 42 46 47 51 52 54 56 57 58
2016.10.07 # 40 # Friday # 38 46 05 41 31 58 # 02 03 04 05 06 12 14 15 17 18 23 24 26 28 31 34 35 36 38 41 42 46 47 51 52 54 56 57 58
2016.10.07 # 40 # Friday # 41 14 38 58 03 51 # 02 03 04 05 06 12 14 15 17 18 23 24 26 28 34 35 36 38 41 42 46 47 51 52 54 56 57 58
2016.10.07 # 40 # Friday # 35 04 57 51 12 46 # 02 03 04 05 06 12 14 15 17 18 23 24 26 28 32 34 35 36 38 41 42 46 47 51 52 54 56 57 58
2016.10.07 # 40 # Friday # 23 35 18 04 05 56 # 02 03 04 05 06 12 14 15 17 18 23 24 26 28 31 34 35 36 38 41 42 46 47 51 52 54 56 57 58
2016.10.07 # 40 # Friday # 05 34 23 35 24 52 # 02 03 04 05 06 12 14 15 17 18 21 23 24 26 28 34 35 36 38 41 42 46 47 51 52 54 56 57 58
2016.10.07 # 40 # Friday # 02 04 51 12 54 42 # 02 03 04 05 06 12 14 15 17 18 23 24 26 28 34 35 36 38 41 42 46 47 51 52 54 56 57 58
